[IMUCalAccelerometer] 
Gain_X=0.998834381103
Gain_Y=0.997764554717
Gain_Z=0.999658455952
Bias_X=0.0345120558405
Bias_Y=-0.0567808174266
Bias_Z=-0.122674299546
Rot_yz=0.000571208901928
Rot_zy=-0.000122220857768
Rot_zx=-0.00499500945284
[IMUCalGyro] 
Gain_X=1.00175863272
Gain_Y=0.981019419844
Gain_Z=1.00096149475
Bias_X=0.0167133631286
Bias_Y=-0.0106264587614
Bias_Z=-0.000203686484769
Rot_yz=-0.000635800687503
Rot_zy=0.0054023468211
Rot_zx=-0.00961052486126
Rot_xz=-0.00127673607747
Rot_xy=0.00664156859083
Rot_yx=0.00773873878159
