[IMUCalAccelerometer] 
Gain_X=0.998444321402
Gain_Y=0.99829487604
Gain_Z=0.993950462925
Bias_X=0.0278426357464
Bias_Y=-0.110755469946
Bias_Z=-0.414110086376
Rot_yz=-0.00123871820849
Rot_zy=-0.0031686290748
Rot_zx=0.000772581433785
[IMUCalGyro] 
Gain_X=0.998804766226
Gain_Y=0.994465217678
Gain_Z=1.00169521375
Bias_X=0.00954237712874
Bias_Y=0.0075479851627
Bias_Z=-0.00322790200486
Rot_yz=0.00564904773312
Rot_zy=-0.005430065894
Rot_zx=-0.0128832069247
Rot_xz=-0.00418981441481
Rot_xy=0.00803294795988
Rot_yx=-0.00955286835788
