[IMUCalAccelerometer] 
Gain_X=0.997634425539
Gain_Y=0.99916833043
Gain_Z=0.99360206189
Bias_X=0.0236884464282
Bias_Y=-0.14535360865
Bias_Z=-0.423793414452
Rot_yz=0.00103617263309
Rot_zy=0.00308028755431
Rot_zx=0.0035496077771
[IMUCalGyro] 
Gain_X=1.01362893772
Gain_Y=1.00240523094
Gain_Z=0.994968948828
Bias_X=-0.00912034740874
Bias_Y=0.000928102203588
Bias_Z=0.00777715824709
Rot_yz=-0.00827447483094
Rot_zy=0.00780704365731
Rot_zx=0.0152174242735
Rot_xz=-0.00447692315249
Rot_xy=0.000890487198213
Rot_yx=0.0092060427406
