[IMUCalAccelerometer] 
Gain_X=0.999582821316
Gain_Y=0.99826894616
Gain_Z=0.990544167293
Bias_X=0.0511624156105
Bias_Y=-0.1157466488
Bias_Z=-0.417093647841
Rot_yz=-0.000286127146555
Rot_zy=0.00215632971546
Rot_zx=0.000195817053905
[IMUCalGyro] 
Gain_X=1.00880476742
Gain_Y=1.0024503101
Gain_Z=0.980547713154
Bias_X=-0.017994306323
Bias_Y=-0.00512194486558
Bias_Z=-0.0245893975952
Rot_yz=0.0121335065583
Rot_zy=0.0197414719502
Rot_zx=0.029822392393
Rot_xz=-0.000989120263548
Rot_xy=-0.000192944460179
Rot_yx=0.0242169167834
